{
 "cells": [
  {
   "cell_type": "code",
   "execution_count": 1,
   "metadata": {},
   "outputs": [],
   "source": [
    "import lang2vec.lang2vec as l2v"
   ]
  },
  {
   "cell_type": "code",
   "execution_count": 2,
   "metadata": {},
   "outputs": [],
   "source": [
    "import torch"
   ]
  },
  {
   "cell_type": "code",
   "execution_count": 3,
   "metadata": {},
   "outputs": [],
   "source": [
    "lang_json = torch.load(\"lang.pt\")"
   ]
  },
  {
   "cell_type": "code",
   "execution_count": 38,
   "metadata": {},
   "outputs": [],
   "source": [
    "lang_code_3 = [lang_json[code_2][\"code_3\"] for code_2 in lang_json]"
   ]
  },
  {
   "cell_type": "code",
   "execution_count": 42,
   "metadata": {},
   "outputs": [
    {
     "data": {
      "text/plain": [
       "array([[0. , 0.8, 0.5, 0.5, 0.4, 0.4, 0.6, 0.5, 0.5, 0.7, 0.6, 0.6, 0.6,\n",
       "        0.6, 0.5, 0.5],\n",
       "       [0.8, 0. , 0.8, 0.8, 0.7, 0.8, 0.8, 0.8, 0.7, 0.9, 1. , 0.8, 0.9,\n",
       "        0.9, 0.8, 0.9],\n",
       "       [0.5, 0.8, 0. , 0.5, 0.5, 0.5, 0.6, 0.5, 0.6, 0.6, 0.5, 0.5, 0.6,\n",
       "        0.5, 0.5, 0.5],\n",
       "       [0.5, 0.8, 0.5, 0. , 0.5, 0.5, 0.6, 0.5, 0.5, 0.7, 0.6, 0.5, 0.6,\n",
       "        0.6, 0.5, 0.5],\n",
       "       [0.4, 0.7, 0.5, 0.5, 0. , 0.5, 0.6, 0.5, 0.5, 0.6, 0.6, 0.4, 0.6,\n",
       "        0.6, 0.5, 0.5],\n",
       "       [0.4, 0.8, 0.5, 0.5, 0.5, 0. , 0.6, 0.5, 0.5, 0.6, 0.6, 0.5, 0.6,\n",
       "        0.6, 0.5, 0.5],\n",
       "       [0.6, 0.8, 0.6, 0.6, 0.6, 0.6, 0. , 0.6, 0.6, 0.7, 0.6, 0.6, 0.6,\n",
       "        0.6, 0.6, 0.6],\n",
       "       [0.5, 0.8, 0.5, 0.5, 0.5, 0.5, 0.6, 0. , 0.5, 0.6, 0.7, 0.6, 0.7,\n",
       "        0.6, 0.5, 0.5],\n",
       "       [0.5, 0.7, 0.6, 0.5, 0.5, 0.5, 0.6, 0.5, 0. , 0.7, 0.6, 0.5, 0.6,\n",
       "        0.7, 0.6, 0.6],\n",
       "       [0.7, 0.9, 0.6, 0.7, 0.6, 0.6, 0.7, 0.6, 0.7, 0. , 0.4, 0.7, 0.6,\n",
       "        0.6, 0.6, 0.6],\n",
       "       [0.6, 1. , 0.5, 0.6, 0.6, 0.6, 0.6, 0.7, 0.6, 0.4, 0. , 0.6, 0.6,\n",
       "        0.6, 0.5, 0.5],\n",
       "       [0.6, 0.8, 0.5, 0.5, 0.4, 0.5, 0.6, 0.6, 0.5, 0.7, 0.6, 0. , 0.6,\n",
       "        0.6, 0.6, 0.6],\n",
       "       [0.6, 0.9, 0.6, 0.6, 0.6, 0.6, 0.6, 0.7, 0.6, 0.6, 0.6, 0.6, 0. ,\n",
       "        0.5, 0.6, 0.5],\n",
       "       [0.6, 0.9, 0.5, 0.6, 0.6, 0.6, 0.6, 0.6, 0.7, 0.6, 0.6, 0.6, 0.5,\n",
       "        0. , 0.5, 0.5],\n",
       "       [0.5, 0.8, 0.5, 0.5, 0.5, 0.5, 0.6, 0.5, 0.6, 0.6, 0.5, 0.6, 0.6,\n",
       "        0.5, 0. , 0.4],\n",
       "       [0.5, 0.9, 0.5, 0.5, 0.5, 0.5, 0.6, 0.5, 0.6, 0.6, 0.5, 0.6, 0.5,\n",
       "        0.5, 0.4, 0. ]])"
      ]
     },
     "execution_count": 42,
     "metadata": {},
     "output_type": "execute_result"
    }
   ],
   "source": [
    "l2v.distance(\"featural\", *lang_code_3)"
   ]
  },
  {
   "cell_type": "code",
   "execution_count": 44,
   "metadata": {},
   "outputs": [],
   "source": [
    "type_str = \"\"\"genetic\n",
    "geographic\n",
    "syntactic\n",
    "inventory\n",
    "phonological\n",
    "featural\"\"\""
   ]
  },
  {
   "cell_type": "code",
   "execution_count": 45,
   "metadata": {},
   "outputs": [],
   "source": [
    "type_lst = type_str.split()"
   ]
  },
  {
   "cell_type": "code",
   "execution_count": 46,
   "metadata": {},
   "outputs": [
    {
     "data": {
      "text/plain": [
       "['genetic', 'geographic', 'syntactic', 'inventory', 'phonological', 'featural']"
      ]
     },
     "execution_count": 46,
     "metadata": {},
     "output_type": "execute_result"
    }
   ],
   "source": [
    "type_lst"
   ]
  },
  {
   "cell_type": "code",
   "execution_count": 47,
   "metadata": {},
   "outputs": [],
   "source": [
    "res = l2v.distance(type_lst, *lang_code_3)"
   ]
  },
  {
   "cell_type": "markdown",
   "metadata": {},
   "source": []
  },
  {
   "cell_type": "code",
   "execution_count": 50,
   "metadata": {},
   "outputs": [],
   "source": [
    "torch.save(res, \"lang_sim.pt\")"
   ]
  },
  {
   "cell_type": "code",
   "execution_count": 51,
   "metadata": {},
   "outputs": [
    {
     "data": {
      "text/plain": [
       "[array([[0.    , 1.    , 0.9   , 0.4375, 1.    , 0.3333, 1.    , 0.2308,\n",
       "         1.    , 1.    , 1.    , 1.    , 1.    , 1.    , 1.    , 1.    ],\n",
       "        [1.    , 0.    , 1.    , 1.    , 1.    , 1.    , 1.    , 1.    ,\n",
       "         0.4615, 1.    , 1.    , 1.    , 1.    , 1.    , 1.    , 1.    ],\n",
       "        [0.9   , 1.    , 0.    , 0.9   , 1.    , 0.9   , 1.    , 0.9   ,\n",
       "         1.    , 1.    , 1.    , 1.    , 1.    , 1.    , 1.    , 1.    ],\n",
       "        [0.4375, 1.    , 0.9   , 0.    , 1.    , 0.4375, 1.    , 0.4375,\n",
       "         1.    , 1.    , 1.    , 1.    , 1.    , 1.    , 1.    , 1.    ],\n",
       "        [1.    , 1.    , 1.    , 1.    , 0.    , 1.    , 1.    , 1.    ,\n",
       "         1.    , 1.    , 1.    , 1.    , 1.    , 1.    , 1.    , 1.    ],\n",
       "        [0.3333, 1.    , 0.9   , 0.4375, 1.    , 0.    , 1.    , 0.2667,\n",
       "         1.    , 1.    , 1.    , 1.    , 1.    , 1.    , 1.    , 1.    ],\n",
       "        [1.    , 1.    , 1.    , 1.    , 1.    , 1.    , 0.    , 1.    ,\n",
       "         1.    , 1.    , 1.    , 1.    , 1.    , 1.    , 1.    , 1.    ],\n",
       "        [0.2308, 1.    , 0.9   , 0.4375, 1.    , 0.2667, 1.    , 0.    ,\n",
       "         1.    , 1.    , 1.    , 1.    , 1.    , 1.    , 1.    , 1.    ],\n",
       "        [1.    , 0.4615, 1.    , 1.    , 1.    , 1.    , 1.    , 1.    ,\n",
       "         0.    , 1.    , 1.    , 1.    , 1.    , 1.    , 1.    , 1.    ],\n",
       "        [1.    , 1.    , 1.    , 1.    , 1.    , 1.    , 1.    , 1.    ,\n",
       "         1.    , 0.    , 0.75  , 1.    , 1.    , 1.    , 1.    , 1.    ],\n",
       "        [1.    , 1.    , 1.    , 1.    , 1.    , 1.    , 1.    , 1.    ,\n",
       "         1.    , 0.75  , 0.    , 1.    , 1.    , 1.    , 1.    , 1.    ],\n",
       "        [1.    , 1.    , 1.    , 1.    , 1.    , 1.    , 1.    , 1.    ,\n",
       "         1.    , 1.    , 1.    , 0.    , 1.    , 1.    , 1.    , 1.    ],\n",
       "        [1.    , 1.    , 1.    , 1.    , 1.    , 1.    , 1.    , 1.    ,\n",
       "         1.    , 1.    , 1.    , 1.    , 0.    , 1.    , 1.    , 1.    ],\n",
       "        [1.    , 1.    , 1.    , 1.    , 1.    , 1.    , 1.    , 1.    ,\n",
       "         1.    , 1.    , 1.    , 1.    , 1.    , 0.    , 1.    , 1.    ],\n",
       "        [1.    , 1.    , 1.    , 1.    , 1.    , 1.    , 1.    , 1.    ,\n",
       "         1.    , 1.    , 1.    , 1.    , 1.    , 1.    , 0.    , 0.75  ],\n",
       "        [1.    , 1.    , 1.    , 1.    , 1.    , 1.    , 1.    , 1.    ,\n",
       "         1.    , 1.    , 1.    , 1.    , 1.    , 1.    , 0.75  , 0.    ]]),\n",
       " array([[0. , 0.3, 0.1, 0. , 0.6, 0. , 1. , 0. , 0.3, 0.4, 0.4, 0.5, 0.5,\n",
       "         0.5, 0.1, 0.1],\n",
       "        [0.3, 0. , 0.4, 0.4, 0.4, 0.4, 1. , 0.4, 0. , 0.3, 0.3, 0.4, 0.6,\n",
       "         0.6, 0.4, 0.3],\n",
       "        [0.1, 0.4, 0. , 0. , 0.6, 0.1, 1. , 0.1, 0.4, 0.4, 0.4, 0.5, 0.5,\n",
       "         0.4, 0.1, 0.1],\n",
       "        [0. , 0.4, 0. , 0. , 0.6, 0. , 1. , 0. , 0.4, 0.4, 0.4, 0.5, 0.5,\n",
       "         0.5, 0.1, 0.1],\n",
       "        [0.6, 0.4, 0.6, 0.6, 0. , 0.6, 1. , 0.6, 0.4, 0.2, 0.2, 0.1, 0.3,\n",
       "         0.3, 0.5, 0.5],\n",
       "        [0. , 0.4, 0.1, 0. , 0.6, 0. , 1. , 0. , 0.4, 0.4, 0.4, 0.5, 0.5,\n",
       "         0.5, 0.2, 0.1],\n",
       "        [1. , 1. , 1. , 1. , 1. , 1. , 0. , 1. , 1. , 1. , 1. , 1. , 1. ,\n",
       "         1. , 1. , 1. ],\n",
       "        [0. , 0.4, 0.1, 0. , 0.6, 0. , 1. , 0. , 0.3, 0.4, 0.4, 0.5, 0.5,\n",
       "         0.5, 0.2, 0.1],\n",
       "        [0.3, 0. , 0.4, 0.4, 0.4, 0.4, 1. , 0.3, 0. , 0.3, 0.3, 0.4, 0.6,\n",
       "         0.5, 0.4, 0.3],\n",
       "        [0.4, 0.3, 0.4, 0.4, 0.2, 0.4, 1. , 0.4, 0.3, 0. , 0. , 0.2, 0.3,\n",
       "         0.3, 0.4, 0.3],\n",
       "        [0.4, 0.3, 0.4, 0.4, 0.2, 0.4, 1. , 0.4, 0.3, 0. , 0. , 0.1, 0.3,\n",
       "         0.3, 0.3, 0.3],\n",
       "        [0.5, 0.4, 0.5, 0.5, 0.1, 0.5, 1. , 0.5, 0.4, 0.2, 0.1, 0. , 0.2,\n",
       "         0.1, 0.4, 0.4],\n",
       "        [0.5, 0.6, 0.5, 0.5, 0.3, 0.5, 1. , 0.5, 0.6, 0.3, 0.3, 0.2, 0. ,\n",
       "         0. , 0.4, 0.4],\n",
       "        [0.5, 0.6, 0.4, 0.5, 0.3, 0.5, 1. , 0.5, 0.5, 0.3, 0.3, 0.1, 0. ,\n",
       "         0. , 0.3, 0.4],\n",
       "        [0.1, 0.4, 0.1, 0.1, 0.5, 0.2, 1. , 0.2, 0.4, 0.4, 0.3, 0.4, 0.4,\n",
       "         0.3, 0. , 0.1],\n",
       "        [0.1, 0.3, 0.1, 0.1, 0.5, 0.1, 1. , 0.1, 0.3, 0.3, 0.3, 0.4, 0.4,\n",
       "         0.4, 0.1, 0. ]]),\n",
       " array([[0.  , 0.58, 0.53, 0.58, 0.61, 0.43, 0.66, 0.54, 0.66, 0.82, 0.8 ,\n",
       "         0.66, 0.8 , 0.75, 0.6 , 0.63],\n",
       "        [0.58, 0.  , 0.69, 0.64, 0.57, 0.61, 0.65, 0.65, 0.45, 0.9 , 0.92,\n",
       "         0.62, 0.9 , 0.9 , 0.71, 0.79],\n",
       "        [0.53, 0.69, 0.  , 0.46, 0.52, 0.47, 0.57, 0.4 , 0.71, 0.71, 0.74,\n",
       "         0.57, 0.66, 0.62, 0.53, 0.6 ],\n",
       "        [0.58, 0.64, 0.46, 0.  , 0.56, 0.46, 0.57, 0.41, 0.62, 0.71, 0.76,\n",
       "         0.61, 0.71, 0.69, 0.54, 0.63],\n",
       "        [0.61, 0.57, 0.52, 0.56, 0.  , 0.48, 0.62, 0.57, 0.63, 0.82, 0.82,\n",
       "         0.36, 0.76, 0.7 , 0.58, 0.6 ],\n",
       "        [0.43, 0.61, 0.47, 0.46, 0.48, 0.  , 0.61, 0.4 , 0.61, 0.77, 0.77,\n",
       "         0.57, 0.77, 0.7 , 0.52, 0.52],\n",
       "        [0.66, 0.65, 0.57, 0.57, 0.62, 0.61, 0.  , 0.56, 0.6 , 0.66, 0.7 ,\n",
       "         0.66, 0.59, 0.57, 0.57, 0.55],\n",
       "        [0.54, 0.65, 0.4 , 0.41, 0.57, 0.4 , 0.56, 0.  , 0.61, 0.74, 0.79,\n",
       "         0.62, 0.76, 0.68, 0.47, 0.54],\n",
       "        [0.66, 0.45, 0.71, 0.62, 0.63, 0.61, 0.6 , 0.61, 0.  , 0.8 , 0.88,\n",
       "         0.69, 0.81, 0.84, 0.69, 0.7 ],\n",
       "        [0.82, 0.9 , 0.71, 0.71, 0.82, 0.77, 0.66, 0.74, 0.8 , 0.  , 0.32,\n",
       "         0.9 , 0.54, 0.57, 0.68, 0.61],\n",
       "        [0.8 , 0.92, 0.74, 0.76, 0.82, 0.77, 0.7 , 0.79, 0.88, 0.32, 0.  ,\n",
       "         0.92, 0.52, 0.55, 0.66, 0.6 ],\n",
       "        [0.66, 0.62, 0.57, 0.61, 0.36, 0.57, 0.66, 0.62, 0.69, 0.9 , 0.92,\n",
       "         0.  , 0.83, 0.75, 0.66, 0.68],\n",
       "        [0.8 , 0.9 , 0.66, 0.71, 0.76, 0.77, 0.59, 0.76, 0.81, 0.54, 0.52,\n",
       "         0.83, 0.  , 0.4 , 0.67, 0.57],\n",
       "        [0.75, 0.9 , 0.62, 0.69, 0.7 , 0.7 , 0.57, 0.68, 0.84, 0.57, 0.55,\n",
       "         0.75, 0.4 , 0.  , 0.59, 0.51],\n",
       "        [0.6 , 0.71, 0.53, 0.54, 0.58, 0.52, 0.57, 0.47, 0.69, 0.68, 0.66,\n",
       "         0.66, 0.67, 0.59, 0.  , 0.41],\n",
       "        [0.63, 0.79, 0.6 , 0.63, 0.6 , 0.52, 0.55, 0.54, 0.7 , 0.61, 0.6 ,\n",
       "         0.68, 0.57, 0.51, 0.41, 0.  ]]),\n",
       " array([[0.    , 0.6461, 0.4581, 0.4096, 0.3295, 0.2848, 0.6461, 0.4565,\n",
       "         0.4214, 0.5032, 0.4565, 0.5094, 0.4792, 0.5198, 0.4287, 0.4145],\n",
       "        [0.6461, 0.    , 0.5983, 0.6025, 0.669 , 0.6328, 0.    , 0.6832,\n",
       "         0.6196, 0.6196, 0.5608, 0.6153, 0.6597, 0.6737, 0.6506, 0.6461],\n",
       "        [0.4581, 0.5983, 0.    , 0.4753, 0.4546, 0.4235, 0.5983, 0.5481,\n",
       "         0.484 , 0.5014, 0.4519, 0.455 , 0.5472, 0.4866, 0.4694, 0.4581],\n",
       "        [0.4096, 0.6025, 0.4753, 0.    , 0.4688, 0.3947, 0.6025, 0.5804,\n",
       "         0.4955, 0.5776, 0.4777, 0.5018, 0.5052, 0.4804, 0.3996, 0.3122],\n",
       "        [0.3295, 0.669 , 0.4546, 0.4688, 0.    , 0.4158, 0.669 , 0.4627,\n",
       "         0.3932, 0.4627, 0.4878, 0.5107, 0.4599, 0.4569, 0.4034, 0.4132],\n",
       "        [0.2848, 0.6328, 0.4235, 0.3947, 0.4158, 0.    , 0.6328, 0.4797,\n",
       "         0.4265, 0.4865, 0.4797, 0.4546, 0.4584, 0.5185, 0.454 , 0.4185],\n",
       "        [0.6461, 0.    , 0.5983, 0.6025, 0.669 , 0.6328, 0.    , 0.6832,\n",
       "         0.6196, 0.6196, 0.5608, 0.6153, 0.6597, 0.6737, 0.6506, 0.6461],\n",
       "        [0.4565, 0.6832, 0.5481, 0.5804, 0.4627, 0.4797, 0.6832, 0.    ,\n",
       "         0.4327, 0.5   , 0.5702, 0.566 , 0.5914, 0.5505, 0.5617, 0.5253],\n",
       "        [0.4214, 0.6196, 0.484 , 0.4955, 0.3932, 0.4265, 0.6196, 0.4327,\n",
       "         0.    , 0.5064, 0.5311, 0.4765, 0.5003, 0.5559, 0.476 , 0.4638],\n",
       "        [0.5032, 0.6196, 0.5014, 0.5776, 0.4627, 0.4865, 0.6196, 0.5   ,\n",
       "         0.5064, 0.    , 0.4327, 0.5792, 0.5575, 0.5366, 0.5338, 0.5403],\n",
       "        [0.4565, 0.5608, 0.4519, 0.4777, 0.4878, 0.4797, 0.5608, 0.5702,\n",
       "         0.5311, 0.4327, 0.    , 0.5367, 0.5544, 0.5505, 0.4843, 0.4744],\n",
       "        [0.5094, 0.6153, 0.455 , 0.5018, 0.5107, 0.4546, 0.6153, 0.566 ,\n",
       "         0.4765, 0.5792, 0.5367, 0.    , 0.5065, 0.4819, 0.5211, 0.5278],\n",
       "        [0.4792, 0.6597, 0.5472, 0.5052, 0.4599, 0.4584, 0.6597, 0.5914,\n",
       "         0.5003, 0.5575, 0.5544, 0.5065, 0.    , 0.5204, 0.5146, 0.5418],\n",
       "        [0.5198, 0.6737, 0.4866, 0.4804, 0.4569, 0.5185, 0.6737, 0.5505,\n",
       "         0.5559, 0.5366, 0.5505, 0.4819, 0.5204, 0.    , 0.3638, 0.4278],\n",
       "        [0.4287, 0.6506, 0.4694, 0.3996, 0.4034, 0.454 , 0.6506, 0.5617,\n",
       "         0.476 , 0.5338, 0.4843, 0.5211, 0.5146, 0.3638, 0.    , 0.3235],\n",
       "        [0.4145, 0.6461, 0.4581, 0.3122, 0.4132, 0.4185, 0.6461, 0.5253,\n",
       "         0.4638, 0.5403, 0.4744, 0.5278, 0.5418, 0.4278, 0.3235, 0.    ]]),\n",
       " array([[0.000e+00, 6.162e-01, 2.804e-01, 3.333e-01, 2.804e-01, 6.162e-01,\n",
       "         6.162e-01, 3.613e-01, 4.054e-01, 6.162e-01, 2.163e-01, 4.407e-01,\n",
       "         4.327e-01, 5.000e-01, 2.804e-01, 2.048e-01],\n",
       "        [6.162e-01, 0.000e+00, 5.687e-01, 5.456e-01, 5.687e-01, 2.000e-04,\n",
       "         2.000e-04, 5.922e-01, 5.687e-01, 2.000e-04, 6.410e-01, 5.456e-01,\n",
       "         6.162e-01, 6.410e-01, 5.687e-01, 5.922e-01],\n",
       "        [2.804e-01, 5.687e-01, 0.000e+00, 4.270e-01, 2.736e-01, 5.687e-01,\n",
       "         5.687e-01, 3.433e-01, 2.736e-01, 5.687e-01, 3.498e-01, 4.270e-01,\n",
       "         5.032e-01, 4.638e-01, 2.736e-01, 3.433e-01],\n",
       "        [3.333e-01, 5.456e-01, 4.270e-01, 0.000e+00, 4.270e-01, 5.456e-01,\n",
       "         5.456e-01, 4.788e-01, 5.096e-01, 5.456e-01, 3.918e-01, 5.354e-01,\n",
       "         4.407e-01, 5.804e-01, 3.277e-01, 2.677e-01],\n",
       "        [2.804e-01, 5.687e-01, 2.736e-01, 4.270e-01, 0.000e+00, 5.687e-01,\n",
       "         5.687e-01, 4.477e-01, 2.736e-01, 5.687e-01, 3.498e-01, 3.277e-01,\n",
       "         5.032e-01, 4.638e-01, 2.736e-01, 3.433e-01],\n",
       "        [6.162e-01, 2.000e-04, 5.687e-01, 5.456e-01, 5.687e-01, 0.000e+00,\n",
       "         2.000e-04, 5.922e-01, 5.687e-01, 2.000e-04, 6.410e-01, 5.456e-01,\n",
       "         6.162e-01, 6.410e-01, 5.687e-01, 5.922e-01],\n",
       "        [6.162e-01, 2.000e-04, 5.687e-01, 5.456e-01, 5.687e-01, 2.000e-04,\n",
       "         0.000e+00, 5.922e-01, 5.687e-01, 2.000e-04, 6.410e-01, 5.456e-01,\n",
       "         6.162e-01, 6.410e-01, 5.687e-01, 5.922e-01],\n",
       "        [3.613e-01, 5.922e-01, 3.433e-01, 4.788e-01, 4.477e-01, 5.922e-01,\n",
       "         5.922e-01, 0.000e+00, 4.477e-01, 5.922e-01, 4.278e-01, 4.788e-01,\n",
       "         5.641e-01, 5.319e-01, 4.477e-01, 4.097e-01],\n",
       "        [4.054e-01, 5.687e-01, 2.736e-01, 5.096e-01, 2.736e-01, 5.687e-01,\n",
       "         5.687e-01, 4.477e-01, 0.000e+00, 5.687e-01, 4.638e-01, 4.270e-01,\n",
       "         5.879e-01, 5.582e-01, 3.900e-01, 4.477e-01],\n",
       "        [6.162e-01, 2.000e-04, 5.687e-01, 5.456e-01, 5.687e-01, 2.000e-04,\n",
       "         2.000e-04, 5.922e-01, 5.687e-01, 0.000e+00, 6.410e-01, 5.456e-01,\n",
       "         6.162e-01, 6.410e-01, 5.687e-01, 5.922e-01],\n",
       "        [2.163e-01, 6.410e-01, 3.498e-01, 3.918e-01, 3.498e-01, 6.410e-01,\n",
       "         6.410e-01, 4.278e-01, 4.638e-01, 6.410e-01, 0.000e+00, 4.934e-01,\n",
       "         5.000e-01, 4.601e-01, 3.498e-01, 2.952e-01],\n",
       "        [4.407e-01, 5.456e-01, 4.270e-01, 5.354e-01, 3.277e-01, 5.456e-01,\n",
       "         5.456e-01, 4.788e-01, 4.270e-01, 5.456e-01, 4.934e-01, 0.000e+00,\n",
       "         5.295e-01, 4.934e-01, 4.270e-01, 4.788e-01],\n",
       "        [4.327e-01, 6.162e-01, 5.032e-01, 4.407e-01, 5.032e-01, 6.162e-01,\n",
       "         6.162e-01, 5.641e-01, 5.879e-01, 6.162e-01, 5.000e-01, 5.295e-01,\n",
       "         0.000e+00, 6.875e-01, 5.032e-01, 4.717e-01],\n",
       "        [5.000e-01, 6.410e-01, 4.638e-01, 5.804e-01, 4.638e-01, 6.410e-01,\n",
       "         6.410e-01, 5.319e-01, 5.582e-01, 6.410e-01, 4.601e-01, 4.934e-01,\n",
       "         6.875e-01, 0.000e+00, 4.638e-01, 5.319e-01],\n",
       "        [2.804e-01, 5.687e-01, 2.736e-01, 3.277e-01, 2.736e-01, 5.687e-01,\n",
       "         5.687e-01, 4.477e-01, 3.900e-01, 5.687e-01, 3.498e-01, 4.270e-01,\n",
       "         5.032e-01, 4.638e-01, 0.000e+00, 1.950e-01],\n",
       "        [2.048e-01, 5.922e-01, 3.433e-01, 2.677e-01, 3.433e-01, 5.922e-01,\n",
       "         5.922e-01, 4.097e-01, 4.477e-01, 5.922e-01, 2.952e-01, 4.788e-01,\n",
       "         4.717e-01, 5.319e-01, 1.950e-01, 0.000e+00]]),\n",
       " array([[0. , 0.8, 0.5, 0.5, 0.4, 0.4, 0.6, 0.5, 0.5, 0.7, 0.6, 0.6, 0.6,\n",
       "         0.6, 0.5, 0.5],\n",
       "        [0.8, 0. , 0.8, 0.8, 0.7, 0.8, 0.8, 0.8, 0.7, 0.9, 1. , 0.8, 0.9,\n",
       "         0.9, 0.8, 0.9],\n",
       "        [0.5, 0.8, 0. , 0.5, 0.5, 0.5, 0.6, 0.5, 0.6, 0.6, 0.5, 0.5, 0.6,\n",
       "         0.5, 0.5, 0.5],\n",
       "        [0.5, 0.8, 0.5, 0. , 0.5, 0.5, 0.6, 0.5, 0.5, 0.7, 0.6, 0.5, 0.6,\n",
       "         0.6, 0.5, 0.5],\n",
       "        [0.4, 0.7, 0.5, 0.5, 0. , 0.5, 0.6, 0.5, 0.5, 0.6, 0.6, 0.4, 0.6,\n",
       "         0.6, 0.5, 0.5],\n",
       "        [0.4, 0.8, 0.5, 0.5, 0.5, 0. , 0.6, 0.5, 0.5, 0.6, 0.6, 0.5, 0.6,\n",
       "         0.6, 0.5, 0.5],\n",
       "        [0.6, 0.8, 0.6, 0.6, 0.6, 0.6, 0. , 0.6, 0.6, 0.7, 0.6, 0.6, 0.6,\n",
       "         0.6, 0.6, 0.6],\n",
       "        [0.5, 0.8, 0.5, 0.5, 0.5, 0.5, 0.6, 0. , 0.5, 0.6, 0.7, 0.6, 0.7,\n",
       "         0.6, 0.5, 0.5],\n",
       "        [0.5, 0.7, 0.6, 0.5, 0.5, 0.5, 0.6, 0.5, 0. , 0.7, 0.6, 0.5, 0.6,\n",
       "         0.7, 0.6, 0.6],\n",
       "        [0.7, 0.9, 0.6, 0.7, 0.6, 0.6, 0.7, 0.6, 0.7, 0. , 0.4, 0.7, 0.6,\n",
       "         0.6, 0.6, 0.6],\n",
       "        [0.6, 1. , 0.5, 0.6, 0.6, 0.6, 0.6, 0.7, 0.6, 0.4, 0. , 0.6, 0.6,\n",
       "         0.6, 0.5, 0.5],\n",
       "        [0.6, 0.8, 0.5, 0.5, 0.4, 0.5, 0.6, 0.6, 0.5, 0.7, 0.6, 0. , 0.6,\n",
       "         0.6, 0.6, 0.6],\n",
       "        [0.6, 0.9, 0.6, 0.6, 0.6, 0.6, 0.6, 0.7, 0.6, 0.6, 0.6, 0.6, 0. ,\n",
       "         0.5, 0.6, 0.5],\n",
       "        [0.6, 0.9, 0.5, 0.6, 0.6, 0.6, 0.6, 0.6, 0.7, 0.6, 0.6, 0.6, 0.5,\n",
       "         0. , 0.5, 0.5],\n",
       "        [0.5, 0.8, 0.5, 0.5, 0.5, 0.5, 0.6, 0.5, 0.6, 0.6, 0.5, 0.6, 0.6,\n",
       "         0.5, 0. , 0.4],\n",
       "        [0.5, 0.9, 0.5, 0.5, 0.5, 0.5, 0.6, 0.5, 0.6, 0.6, 0.5, 0.6, 0.5,\n",
       "         0.5, 0.4, 0. ]])]"
      ]
     },
     "execution_count": 51,
     "metadata": {},
     "output_type": "execute_result"
    }
   ],
   "source": [
    "res"
   ]
  },
  {
   "cell_type": "code",
   "execution_count": 60,
   "metadata": {},
   "outputs": [],
   "source": [
    "lang_score = {}\n",
    "for l1_idx, lang1 in enumerate(lang_json):\n",
    "    lang_score[lang1] = {}\n",
    "    for l2_idx, lang2 in enumerate(lang_json):\n",
    "        lang_score[lang1][lang2] = {}\n",
    "        for t_idx,t in enumerate(type_lst):\n",
    "            lang_score[lang1][lang2][t] = res[t_idx][l1_idx][l2_idx].item()"
   ]
  },
  {
   "cell_type": "code",
   "execution_count": 59,
   "metadata": {},
   "outputs": [
    {
     "data": {
      "text/plain": [
       "numpy.float64"
      ]
     },
     "execution_count": 59,
     "metadata": {},
     "output_type": "execute_result"
    }
   ],
   "source": [
    "torch.save(lang_score, \"lang_sim.pt\")"
   ]
  }
 ],
 "metadata": {
  "kernelspec": {
   "display_name": "bm",
   "language": "python",
   "name": "python3"
  },
  "language_info": {
   "codemirror_mode": {
    "name": "ipython",
    "version": 3
   },
   "file_extension": ".py",
   "mimetype": "text/x-python",
   "name": "python",
   "nbconvert_exporter": "python",
   "pygments_lexer": "ipython3",
   "version": "3.9.17"
  }
 },
 "nbformat": 4,
 "nbformat_minor": 2
}
